1.213002 71
1.925639 43
0.678819 141
0.807117 11
0.000151 52
0.012612 71
35.364276 62
4.066587 1
0.500249 1
0.030031 1
0.030203 1
0.030156 1
0.029604 1
0.030117 1
0.030281 1
0.680747 1
0.500373 1
0.030055 1
0.029397 1
0.030905 1
0.030407 1
0.028936 1
0.030597 1
0.030325 216
0.029537 1
0.030620 1
0.029285 1
0.030687 1
0.029553 1
0.030468 1
0.029522 1
0.030714 1
0.029359 1
0.030485 1
0.029283 1
0.030908 1
0.029165 1
0.030950 1
0.029214 1
0.030230 1
0.029651 1
0.031132 1
0.029217 1
0.028896 1
0.031285 1
0.028489 1
0.032166 1
0.028681 1
0.030574 1
0.029502 1
0.030280 1
0.031419 1
0.027652 1
0.031077 1
3.440487 1
0.165198 1
0.669113 3
0.743406 145
0.377521 143
1.658541 146
0.147201 148
3.444619 3
0.500658 3
0.030420 3
0.028786 3
0.030270 3
0.030941 3
0.028774 3
0.030532 3
0.029729 3
0.030190 3
0.660284 1
0.638890 1
0.226506 1
0.187349 1
0.272360 1
0.460226 153
0.264498 3
0.278572 155
3.658428 158
1.965583 5
0.000044 9
0.000149 51
0.011270 71
257.142825 1
0.326205 1
0.288323 1
0.256196 1
0.110731 1
0.900239 1
0.362291 1
0.114894 1
2.141895 1
0.116428 1
0.441747 1
31.250649 3
2.190848 3
0.610524 3
0.743027 3
4.723863 3
0.989100 3
0.773229 3
0.373316 3
0.201325 3
1.446679 3
19.551131 3
1.257631 7
4.818476 3
0.309325 3
1.920041 3
0.145914 3
0.715017 7
0.679299 3
2.312053 3
0.303364 3
0.225900 3
0.453100 3
13.450626 3
0.598115 3
2.106545 3
2.024672 3
6.128698 21
8.034186 23
0.576506 1
0.500015 1
0.030022 1
0.029828 1
0.030790 1
0.030479 1
0.030048 1
0.029116 1
0.030915 1
0.030011 1
0.029404 1
0.029556 1
0.030392 1
0.030800 1
0.029750 1
0.029612 1
0.030407 1
0.058498 1
0.347865 1
0.327637 1
0.260638 1
0.480601 47
0.454691 3
0.674921 3
0.924681 3
0.172105 3
0.166677 3
0.166836 3
0.161142 3
0.347230 3
0.626103 31
0.569793 3
0.724397 3
0.499733 3
0.031066 3
0.125510 3
0.202230 3
0.160150 3
0.131854 3
15.169101 3
0.151527 3
0.101789 3
0.195404 3
0.142058 3
0.343427 3
0.440623 3
2.163504 205
0.947041 3
1.281326 3
4.856827 3
5.986230 3
0.330084 3
2.743698 3
0.518042 3
0.387500 3
0.362436 7
0.804833 3
10.435423 3
0.323808 3
1.034519 3
2.280922 3
0.352621 3
2.809468 3
0.284525 3
1.341636 3
0.247641 3
0.310993 3
0.654367 3
0.971540 3
2.220022 63
0.011731 71
8.219558 65
1.017180 1
0.500182 1
0.029407 1
0.030576 1
0.030444 1
0.030523 1
0.030637 1
0.030028 1
0.028842 1
0.120723 1
0.171837 1
0.788136 38
0.536111 1
0.500389 1
0.031300 1
0.028570 1
0.030765 1
0.029100 1
0.030336 1
0.030500 216
0.029758 1
0.029787 1
0.030532 1
0.475236 3
0.345223 3
0.250136 221
0.442098 1
0.499775 1
0.034782 1
0.025609 1
0.030196 1
0.029494 1
0.030098 1
0.031173 1
0.028771 1
0.030924 1
0.029276 1
0.029840 1
0.029793 1
0.342478 1
0.361855 190
0.332966 1
0.500703 1
0.032828 1
0.133454 1
0.219731 1
0.193214 1
0.204008 1
0.092337 1
0.470694 171
0.324396 1
0.500003 1
0.032462 1
0.027807 1
0.049854 1
0.009910 1
0.030100 1
0.640634 14
0.000056 48
0.011705 71
37.350486 61
0.406626 1
0.499781 1
0.030776 1
0.030456 1
0.029603 1
0.029831 1
0.030206 1
0.031408 1
0.028223 1
0.030399 1
0.029584 1
0.031147 1
0.029082 1
0.030892 1
0.028714 1
0.030146 216
0.029255 1
0.031662 1
0.029558 1
0.030927 1
0.029626 1
0.028441 1
0.030085 1
0.030242 1
0.029939 1
0.029489 1
0.030853 1
0.030137 1
0.029723 1
0.029651 1
0.031107 1
0.028937 1
0.029989 1
0.030592 1
0.030138 1
0.057210 1
0.002971 1
0.031733 1
0.028179 1
0.031260 1
0.028544 1
0.030294 1
0.029909 1
0.029543 1
0.029880 1
0.029818 1
0.030786 1
0.271639 1
4.412704 158
0.645067 3
0.500335 3
0.029695 3
0.029690 3
0.085353 3
0.159765 3
0.121626 3
0.121019 3
0.149992 3
0.207568 3
0.731899 1
0.330579 179
0.688767 180
0.399970 3
0.230267 181
0.428124 3
0.604117 3
0.161934 3
0.155895 3
0.255801 3
0.152034 3
0.150680 3
0.140600 3
0.380459 200
0.520598 3
0.499979 3
0.029389 3
0.031597 3
0.029459 3
0.030218 3
0.030091 3
0.029871 3
0.029735 3
0.029931 3
0.030618 3
0.162642 3
1.037452 3
0.486721 3
0.260815 27
0.407338 3
0.500008 3
0.030302 3
0.029669 3
0.030976 3
0.114558 3
0.171644 3
0.153484 3
0.393668 17
0.770013 21
0.203079 3
0.204481 15
0.325686 3
0.500482 3
0.032938 3
0.225869 3
0.186587 3
0.155998 3
0.838725 3
0.621760 11
0.000059 53
0.011713 71
59.964547 67
0.000640 67
27.159747 67
0.000284 67
5.425151 67
0.000512 67
2.682837 67
0.000337 67
97.978251 67
0.000165 67
0.916114 67
0.000510 67
12.444295 1
0.312524 1
0.241642 1
0.247456 1
0.100245 1
0.694869 1
0.316178 1
0.131659 1
1.865745 1
0.120560 1
0.385152 1
3.240683 3
2.744788 3
0.247019 3
0.146223 3
2.111347 3
1.377922 3
0.156757 3
18.997991 1
0.296657 1
0.212460 1
0.261932 1
0.484030 3
0.228554 13
0.146424 13
50.469340 3
0.222138 3
2.356182 5
0.401198 9
0.476394 3
0.695933 3
5.405915 3
0.345728 3
3.034572 3
0.147390 3
0.922132 1
0.194389 1
0.139933 1
0.250007 1
0.171386 1
0.952960 13
0.294304 3
0.186774 3
0.166774 3
0.178684 3
0.977251 5
0.577577 9
0.244703 3
0.201814 3
17.868733 3
0.779864 3
0.638954 7
0.483688 3
1.054232 3
0.333262 3
0.678400 3
0.623227 3
0.514402 7
0.908013 3
0.834570 7
2.728200 3
0.209980 3
6.252193 3
0.350210 3
0.332509 3
0.115913 3
0.161993 3
0.543286 3
1.477254 3
3.533199 7
2.195786 3
0.577996 3
1.266950 7
3.284630 3
3.513354 11
0.000134 27
0.010896 71
1.008523 37
0.884211 1
0.452912 3
0.949200 7
16.511407 3
4.090192 3
1.709849 3
2.532363 3
3.026106 3
1.532477 3
0.761725 3
0.166360 3
0.322535 205
25.366009 1
0.499518 1
0.030579 1
0.108732 1
0.312628 1
0.231110 1
0.173179 1
0.119749 1
0.216465 1
0.456551 189
0.273951 3
0.500960 3
0.030295 3
0.029144 3
0.030959 3
0.140167 3
0.500377 3
0.199111 3
0.205849 3
0.176172 3
0.472622 1
0.501213 3
5.541433 3
1.030636 3
3.195302 3
0.338271 3
1.291212 3
4.041179 3
0.361594 3
3.432131 3
0.484873 3
0.311502 3
5.432266 3
0.317159 3
1.056451 3
0.188970 3
0.184015 3
0.889753 3
0.235817 3
0.413884 3
0.292095 3
0.186520 3
2.498307 3
1.255756 3
0.307635 3
2.372356 3
0.843797 3
0.377984 3
3.180118 3
0.950204 3
1.880309 3
0.981109 3
1.875767 3
1.058276 3
0.578949 3
4.727472 3
0.402359 3
1.065225 3
1.642700 3
1.072580 3
0.728921 3
1.910151 3
0.382293 3
3.618393 3
0.538727 3
0.821482 7
0.995164 3
0.314069 3
1.026718 3
0.251292 3
0.301513 3
0.402876 3
0.991142 3
1.009502 11
0.000041 80
0.011161 71
9.484239 67
0.000556 67
76.483377 67
0.000340 67
1.178767 67
0.000656 67
138.263101 1
0.267568 1
0.756485 1
0.698450 1
0.377626 1
0.045289 1
3.330090 1
1.630464 1
0.651779 7
0.349142 1
0.461224 9
0.478697 3
0.187474 3
2.004588 1
0.134717 1
0.500553 1
6.549509 3
0.245747 3
0.553863 3
0.226240 3
0.543325 7
0.157454 7
0.126094 7
0.127163 7
0.837921 3
0.221931 3
0.297019 3
0.121020 3
0.156070 3
1.730170 3
1.065008 3
3.214640 3
0.132399 3
0.477421 1
2.538614 5
1.065529 5
1.908810 5
1.427301 5
1.537699 5
2.242709 5
1.036783 5
1.081105 9
0.155605 9
0.739817 5
1.606585 5
2.222475 5
1.712658 3
0.216082 3
0.499789 11
0.007334 164
0.010884 71
6.924857 1
0.076800 1
0.427648 1
0.064260 1
0.494143 4
0.130245 4
0.082771 4
0.150381 4
0.272063 1
0.881232 1
0.146404 1
0.755089 1
0.587578 1
0.755873 1
0.527795 1
0.245642 1
0.321630 1
0.378283 11
0.048064 25
0.034415 1066
2.488814 109
0.006196 241
0.000029 33
0.000013 98
0.006866 247
0.006740 246
0.006709 246
0.007299 110
0.006671 165
0.006577 33
0.000022 77
0.006706 170
0.008925 110
0.018264 182
2.048308 28
0.014394 71
9.616480 1
0.148867 1
0.182124 1
0.271171 1
1.644311 1
0.231750 1
0.211674 1
0.200659 1
0.308491 11
0.029519 25
0.041815 1050
0.000024 466
2.160316 28
0.013721 71
6.173657 8
0.760460 8
0.436346 32
2.226460 1
0.165736 1
0.122525 1
0.119048 1
0.121981 1
0.130548 1
0.130550 1
0.116627 1
0.136621 1
0.131974 1
0.145583 1
0.624802 27
0.558138 3
1.211962 3
0.500082 3
0.029264 3
0.030695 3
0.031098 3
0.029248 3
0.030127 3
0.030469 3
0.029072 3
0.031238 3
0.028728 1
0.548815 11
0.013650 71
7.187218 1
0.311806 1
0.257086 1
0.322521 1
0.090705 1
0.734851 1
0.110050 1
0.344583 1
1.246008 3
0.474013 3
0.602311 3
0.273945 3
0.738897 3
0.081461 3
2.387689 3
0.141682 3
0.429992 3
1.449668 1
1.765302 1
2.810137 1
0.135812 1
1.292152 1
0.719626 11
0.000127 21
0.011010 71
42.781781 67
0.000724 67
12.634646 20
0.650356 43
0.602879 1
0.573518 1
0.152004 1
0.117479 1
0.131202 1
3.545636 1
0.169830 1
4.108831 15
1.246454 19
0.152322 19
1.045187 15
0.702473 3
0.211555 3
0.196262 3
0.359462 13
0.804457 9
0.860363 3
0.196170 3
0.141276 3
0.470587 3
0.789328 11
0.014653 71
0.868462 23
0.452436 47
0.857176 11
0.000119 21
0.010942 71
177.421024 2
0.000041 9
0.000023 2
1.019989 1
0.361543 4
0.112008 4
0.560589 1
0.292661 1
0.185784 1
0.197213 1
0.265494 13
0.150349 13
0.143053 13
0.125935 13
0.125834 13
0.136439 14
0.111408 1
0.147723 1
0.366912 3
0.499910 3
0.031233 3
0.028627 3
0.037086 1
0.024104 1
0.029238 1
0.030193 1
0.056345 1
0.004212 1
0.651475 11
0.001974 36
0.011521 71
15.195179 29
1.034554 51
0.002595 53
0.011215 71
58.104230 2
0.222139 2
0.211977 2
0.136496 2
0.152219 1
0.451969 4
0.145231 4
0.105829 4
0.116692 4
0.126052 4
0.126237 1
0.106509 1
1.105830 1
0.141660 1
0.212306 1
0.574009 1
0.317516 1
1.495806 1
0.619411 1
0.836997 1
0.403238 11
0.002607 7
0.012271 71
26.451201 1
0.272972 1
0.849283 1
0.162212 1
0.523422 4
0.141610 4
0.794409 1
0.200054 1
0.327600 1
0.457280 1
1.486640 4
0.146534 4
0.679687 1
2.328501 1
4.477619 1
0.140974 1
0.396274 1
1.029347 3
0.105786 3
0.207686 3
0.197692 3
1.341284 3
0.459475 3
1.085795 3
1.038347 3
1.246869 11
0.013382 71
3.009656 67
0.000396 67
3.015830 67
0.000438 67
5.289610 1
0.327603 1
0.341888 1
0.292390 1
0.095702 1
0.484027 4
0.146381 4
0.120336 4
0.106175 4
0.120492 4
2.298624 1
0.314439 1
0.312015 1
0.256660 1
0.116810 1
1.221881 1
0.115546 1
0.328729 2
0.612385 4
0.329234 1
3.035042 3
0.463845 3
0.477253 3
0.207373 3
2.497649 3
0.121608 3
0.453243 3
0.205946 3
0.131473 3
0.217245 3
0.416570 3
0.192223 3
0.196285 3
0.315794 7
0.136496 7
0.580454 3
0.383081 3
0.804138 7
0.740196 3
1.753390 3
0.116161 3
0.382321 7
0.488106 3
1.568522 3
0.421987 7
0.334296 3
0.642915 1
0.219452 3
0.383285 3
0.996379 1
2.348438 7
0.420016 3
0.391517 1
1.995372 1
4.477352 1
0.486760 1
0.443160 1
0.503956 1
0.619856 11
0.000093 26
0.011423 71
94.337385 1
0.317840 1
0.317569 1
0.100753 1
0.468694 4
0.135842 4
0.232274 4
0.115238 4
0.695977 1
0.282085 1
0.333538 1
0.084746 1
0.733966 1
0.884869 11
0.003445 637
0.000015 88
0.000033 174
0.000027 72
0.000156 100
0.000023 609
0.000014 36
0.000159 545
0.000018 84
0.000015 48
0.000012 4
0.000013 64
0.000018 4
0.012226 71
14.392906 5
0.290650 1
1.011042 1
0.242126 1
0.196692 1
0.172833 1
0.216530 11
0.002259 213
0.011234 71
50.089514 10
1.980592 1
0.152427 1
0.287438 1
0.160828 1
0.190777 1
0.236556 1
3.039365 3
0.887202 15
1.483184 11
0.327033 13
0.418071 2
0.000017 9
0.002176 214
0.010712 71
24.853690 11
0.852216 1
0.177091 1
0.468281 3
0.150978 3
0.630809 4
0.151913 4
0.789982 1
0.310886 1
0.297876 11
0.002051 214
0.011233 71
38.266006 1
0.272623 1
0.335522 1
0.388069 1
0.379139 1
1.427539 3
0.750178 11
0.000090 157
0.000018 139
0.000010 25
0.000033 90
0.000011 37
0.000044 179
0.000015 31
0.000011 53
0.000014 107
0.000017 106
0.000012 95
0.000027 66
0.000009 69
0.000010 65
0.000019 121
0.000007 26
0.000009 52
0.000008 69
0.000161 194
0.000020 527
0.000182 2202
0.000015 131
0.000009 102
0.000010 68
0.000022 97
0.000009 126
0.000009 29
0.000008 123
0.000041 257
0.000009 214
0.000010 67
0.000230 13
0.000051 1193
0.000013 120
0.000014 72
0.000031 177
0.000010 39
0.000055 318
0.000011 42
0.000014 89
0.000012 131
0.000010 44
0.000010 88
0.000009 46
0.000008 76
0.000009 35
0.000010 48
0.000014 47
0.000010 12
0.000010 60
0.000009 28
0.000025 126
0.000023 62
0.000009 91
0.000029 271
0.000010 15
0.000011 189
0.000023 142
0.000024 207
0.000078 391
0.000020 544
0.000014 127
0.000012 42
0.000039 161
0.000010 37
0.012483 71
53.786256 1
1.270742 1
2.220871 1
0.135873 1
0.418030 1
0.292106 17
0.000256 57
0.010097 71
3.663874 4
0.801738 1
0.727893 3
1.109900 12
0.488448 19
1.367193 23
0.201898 16
0.176969 7
0.398937 1
1.066762 1
0.965158 1
0.141664 1
0.366054 1
0.446962 11
0.000048 34
0.000062 23
0.011067 71
5.386366 32
0.819720 86
0.861196 12
0.573683 4
0.500041 4
0.030081 4
0.030179 4
0.031224 4
0.028907 4
0.030281 4
0.030696 4
0.028674 1
0.029988 1
0.030972 1
0.028995 1
0.030465 1
0.030555 1
0.029200 1
0.030045 1
0.030461 1
0.030448 1
0.029020 1
0.029457 1
14.510812 1
0.724389 1
0.195696 1
0.257998 1
0.879860 49
0.000125 27
0.010843 71
106.185739 81
1.957234 132
0.000191 44
0.011077 71
8.652963 1
0.231000 1
0.387279 1
1.618915 1
0.162236 1
0.487648 1
0.594182 1
0.579219 11
0.000078 523
0.000015 135
0.000017 95
0.000013 90
0.000016 39
0.000015 150
0.000013 122
0.000050 388
0.000012 168
0.000016 252
0.000019 2
0.000167 180
0.000039 1678
0.000075 494
0.000016 76
0.000013 135
0.000015 58
0.000012 100
0.000010 84
0.000027 165
0.000009 93
0.000008 78
0.000010 102
0.000012 69
0.000009 28
0.000010 220
0.000029 143
0.000030 198
0.000009 13
0.000008 54
0.000009 17
0.000012 25
0.000011 33
0.000009 32
0.000010 36
0.000062 44
0.000018 365
0.000017 47
0.000036 218
0.000034 181
0.000012 48
0.000011 44
0.000008 49
0.000031 233
0.000011 55
0.000016 19
0.000010 138
0.000032 214
0.000019 132
0.000019 210
0.000018 95
0.000017 47
0.000018 88
0.000013 95
0.000017 12
0.000012 58
0.000009 25
0.000009 170
0.000014 32
0.000031 416
0.000015 88
0.000045 598
0.000018 71
0.000008 144
0.000050 191
0.000014 172
0.000010 206
0.000036 140
0.000043 165
0.011441 71
2.334897 1
1.297113 1
0.444428 1
0.723251 1
0.201567 11
0.000018 56
0.000139 44
0.011099 71
51.405845 54
2.326239 185
0.875281 61
0.790114 185
0.172848 61
0.624343 157
76.761982 1
1.202434 1
0.351948 1
0.170127 1
0.383449 11
0.000040 56
0.000106 44
0.019330 71
2.788191 54
3.074461 1
0.500482 1
13.368877 1
0.499549 1
0.030843 1
0.031330 1
0.028381 1
0.030519 1
0.031133 216
0.029025 1
0.030208 1
0.029104 1
0.030472 1
0.030005 1
0.029926 1
0.142318 1
0.500174 1
0.029770 1
0.030405 1
0.029951 1
0.030394 1
0.030867 1
0.029974 1
0.029149 1
0.030179 1
0.030240 1
0.029262 1
0.029996 1
0.030929 1
0.029508 1
0.029771 1
0.029841 1
0.029619 1
0.103066 1
0.181514 1
0.657582 161
0.954522 160
0.665998 3
0.500360 3
0.029523 3
0.030511 3
0.030986 3
0.029054 3
0.030572 3
0.030004 3
0.028968 3
0.031010 3
0.029136 3
0.029986 3
0.030954 3
0.029464 3
0.030955 3
0.028597 3
0.029660 3
0.031173 3
0.031825 3
0.028081 3
0.030438 3
0.029539 3
0.030061 3
0.029889 3
0.030837 3
0.029494 3
0.028991 3
0.029691 3
0.030865 3
0.030290 3
0.029307 3
0.030018 3
0.030544 3
0.030643 3
0.029525 3
0.029705 1
0.029787 1
0.029349 1
0.031002 1
0.030038 1
0.029961 1
0.473449 2
0.000014 9
0.000150 44
0.011722 71
2654.074757 2
0.101606 2
0.742494 4
0.127499 4
0.130386 1
0.898398 1
0.165741 1
0.268408 1
0.175842 1
3.663229 1
0.346269 1
0.188847 1
0.311011 1
0.689221 1
0.297161 1
0.747897 11
0.039296 25
0.029176 969
1.686377 221
0.006404 330
0.006901 330
0.006471 330
0.006816 110
0.000022 110
0.000029 33
0.000005 77
0.006773 110
0.000025 110
0.000021 33
0.000006 77
0.008812 220
0.000012 110
0.004799 330
0.006982 220
0.008152 330
0.005394 110
0.000020 110
0.007649 220
0.005825 220
0.006627 143
0.000017 77
0.006618 110
0.006774 110
0.007425 33
0.000014 77
0.006214 220
0.007528 110
0.005942 110
0.006796 110
0.006726 110
0.006746 110
0.013593 110
0.027388 110
0.020375 110
0.297245 110
0.000021 110
0.000015 110
0.006267 220
0.006718 110
0.000018 110
0.000015 110
0.006707 110
0.000013 110
0.000023 110
0.000024 110
0.007163 110
0.000014 110
0.000030 110
0.006473 110
0.000023 110
0.000008 33
0.000031 77
0.006805 33
0.000014 77
0.000025 110
0.000006 33
0.000007 77
0.006471 110
0.000017 110
0.000014 110
0.006848 110
0.000033 143
0.000015 77
0.007419 110
0.000143 110
0.005925 110
0.000019 110
0.000031 33
0.000012 77
0.006545 110
0.000024 33
0.000007 77
0.006875 110
0.000021 110
0.006794 110
0.000018 110
0.006718 110
0.000019 110
0.006851 143
0.000016 77
0.006628 110
0.000008 110
0.006965 111
0.009220 110
0.004377 33
0.000015 77
0.013343 110
0.020479 110
0.338194 110
0.000017 110
0.006214 220
0.006711 110
0.000020 110
0.000016 110
0.006688 330
0.000020 110
0.007108 143
0.000021 77
0.000013 33
0.000012 77
0.006336 110
0.000019 33
0.000015 77
0.000012 33
0.000102 77
0.007223 33
0.000019 297
0.006102 143
0.000012 187
0.006751 110
0.000016 33
0.000013 77
0.000011 33
0.000032 77
0.007635 110
0.000037 110
0.006230 110
0.000020 110
0.006449 143
0.000009 77
0.006702 110
0.000018 110
0.006821 110
0.006877 110
0.000054 110
0.006563 110
0.006822 110
0.006830 110
0.013567 110
5.938103 103
2.243037 28
0.024942 71
5.551291 1
0.133147 1
0.299492 1
0.058708 1
0.921933 1
0.250590 1
1.317691 1
0.206309 1
0.273192 1
0.342888 4
0.684241 11
0.023444 25
0.031916 1036
0.000325 1034
0.000043 421
2.700132 111
0.005962 110
0.006721 110
0.006857 110
0.013481 110
0.006868 110
0.006694 110
0.006945 33
0.000014 77
0.008762 110
0.011274 110
0.006888 110
0.013556 110
0.034016 110
3.145789 101
3.059253 28
0.011770 71
118.680613 50
1.699321 131
0.015385 32
2.247422 2
0.087288 30
0.009612 71
1.268294 41
0.185622 95
0.971840 19
0.685784 11
0.035868 25
0.027725 969
1.264616 156
1.871937 28
0.014492 71
1.465679 10
0.448213 51
0.447348 95
0.676684 11
0.023583 25
0.045586 1036
0.000089 1034
0.000058 421
0.871461 28
0.013889 71
191.250463 1
0.192013 1
3.672599 1
0.956732 1
1.593117 1
0.553621 1
0.180615 1
0.342375 1
2.035551 1
0.238215 1
0.257321 1
0.654197 1
2.165620 1
0.277336 1
0.125247 1
0.473548 11
0.003616 42
0.000319 115
0.011587 71
7.299539 15
1.462011 4
0.171273 4
0.452165 4
0.723951 1
0.780638 2
0.000019 9
0.001772 11
0.000081 58
0.011520 8
0.000023 63
59.954041 13
1.567024 4
0.499834 4
0.030919 4
0.030663 4
0.030630 4
0.027934 4
0.030414 4
0.030267 4
0.099831 4
0.181402 4
1.065288 1
0.749980 1
0.232000 1
0.710419 1
0.604671 1
0.346690 1
0.142007 1
0.212170 1
1.739834 1
0.397856 1
0.293394 11
0.001799 11
0.000067 58
0.011678 71
5.908529 13
0.393171 1
0.500686 1
0.030088 1
0.029740 1
0.030168 1
0.029793 1
0.030115 1
0.096085 1
0.187045 1
0.085936 1
0.127081 1
0.662866 3
0.281509 5
0.159627 5
0.130751 5
0.703325 5
0.193356 5
0.191572 5
0.780076 11
0.009091 168
0.012526 71
7.687459 1
0.327144 1
0.341903 1
0.488149 1
0.678910 1
0.091015 1
1.119992 1
0.242364 1
0.301452 1
0.235352 1
0.222403 11
0.007721 4095
0.000026 2567
0.000136 323
0.011518 71
8.743826 10
0.737586 13
8.341488 1
0.500043 1
0.126598 1
0.181229 1
0.208878 1
0.351038 1
0.288354 1
0.304000 19
0.607887 15
0.799839 11
0.038539 25
0.044198 969
2.160547 221
0.005900 330
0.006889 110
0.000030 110
0.000014 110
0.006750 220
0.006745 110
0.000018 143
0.000015 77
0.000013 110
0.007772 330
0.005528 220
0.000018 110
0.006759 220
0.000015 110
0.006955 220
0.007573 110
0.000017 110
0.006031 110
0.000016 110
0.006704 143
0.000013 77
0.006891 110
0.006624 110
0.007064 220
0.006664 110
0.006708 110
0.014301 110
0.019735 110
0.282331 220
0.006503 330
0.006808 253
0.000005 77
0.006814 110
0.000021 110
0.000006 33
0.000013 77
0.007323 33
0.000008 77
0.000017 33
0.000026 77
0.000008 33
0.000006 77
0.007633 110
0.000017 143
0.000027 77
0.005221 110
0.000024 110
0.007085 110
0.000030 110
0.006440 220
0.007744 110
0.000039 110
0.005813 220
0.006997 110
0.000028 110
0.006720 110
0.006732 220
0.006734 110
0.006677 110
0.000084 110
0.006743 110
0.000026 110
0.006608 110
0.008652 33
0.000017 77
0.000006 33
0.000024 77
0.237735 33
0.000008 111
0.000017 77
0.000023 33
0.000024 77
0.006361 110
0.000018 33
0.000014 77
0.000030 110
0.006585 110
0.000022 110
0.000008 33
0.000023 110
0.000019 77
0.006836 110
0.000018 110
0.000017 33
0.000009 77
0.000007 33
0.000007 77
0.000025 110
0.006662 33
0.000009 77
0.000007 33
0.000016 77
0.000012 110
0.000012 33
0.000034 77
0.006828 110
0.000016 220
0.000006 110
0.006482 110
0.000023 110
0.000019 110
0.000025 33
0.000019 77
0.006683 110
0.000024 33
0.000020 77
0.000007 33
0.000007 77
0.000023 33
0.000022 77
0.006774 110
0.000011 220
0.007036 33
0.000025 110
0.000018 77
0.000027 110
0.006815 33
0.000024 187
0.000014 110
0.006367 110
0.000023 110
0.006775 110
0.000018 110
0.006745 110
0.000008 110
0.006900 110
0.006774 110
0.006730 110
0.000008 110
0.006767 110
0.008703 33
0.000010 77
0.000018 33
0.000009 77
0.005007 110
0.633577 111
0.007468 33
0.000013 133
0.000022 78
0.006123 33
0.000020 107
0.000018 33
0.000010 78
0.000023 33
0.000028 106
0.006424 111
0.007304 33
0.000013 104
0.000029 38
0.000008 74
0.006265 33
0.000022 134
0.000031 33
0.000028 79
0.007743 33
0.000102 251
0.005538 33
0.000025 182
0.000007 100
0.006758 145
0.000007 96
0.008389 178
0.005381 33
0.000019 79
0.000022 33
0.000020 103
0.006612 33
0.000011 79
0.006762 217
0.000040 144
0.013478 33
0.000022 79
0.027685 33
0.000040 149
0.468182 215
0.000016 152
0.000028 112
0.000117 151
0.006551 182
0.000013 33
0.000013 105
0.000039 112
0.000047 184
0.000047 182
0.006225 215
0.000013 95
0.000009 33
0.000012 79
0.000037 126
0.000025 33
0.000010 113
0.007009 254
0.000024 343
0.000086 430
0.000034 129
0.000051 150
0.007862 184
0.000017 136
0.000031 33
0.000024 149
0.000033 33
0.000055 177
0.000009 79
0.000010 33
0.000025 103
0.000022 33
0.000011 95
0.000010 33
0.000025 79
0.005093 33
0.000015 151
0.000023 33
0.000034 132
0.000042 148
0.000010 33
0.000020 79
0.000028 33
0.000029 149
0.000010 33
0.000018 87
0.000025 119
0.000051 119
0.000025 33
0.000009 86
0.000021 33
0.000009 86
0.006481 238
0.000012 119
0.000109 119
0.000016 390
0.000010 86
0.011399 271
0.000015 119
0.000010 86
0.000025 119
0.000025 119
0.000008 119
0.000024 119
0.001733 119
0.000041 119
0.000013 33
0.000029 86
0.000011 119
0.000018 33
0.000011 86
0.000009 33
0.000022 119
0.000027 86
0.000011 119
0.000020 119
0.006363 119
0.000051 119
0.000040 152
0.000016 86
0.000037 119
0.000028 119
0.000024 33
0.000572 86
0.006699 119
0.000014 119
0.000006 33
0.000016 86
0.000025 119
0.000016 33
0.000007 86
0.006065 119
0.000013 476
0.007510 33
0.000008 86
0.000012 33
0.000014 86
0.000017 33
0.000007 86
0.000032 119
0.006005 119
0.000015 119
0.007413 33
0.000018 86
0.000032 33
0.000006 86
0.006153 33
0.000023 119
0.000006 86
0.264359 152
0.000016 86
0.000036 119
0.000011 33
0.000031 119
0.000031 119
0.000013 86
0.006705 271
0.000017 86
0.000013 33
0.000013 86
0.000013 33
0.000032 119
0.000041 119
0.000013 86
0.000011 33
0.000012 86
0.000033 33
0.000014 86
0.000012 33
0.000012 86
0.006684 271
0.000017 119
0.000132 119
0.000020 324
0.000050 238
0.006465 119
0.000017 119
0.000027 33
0.000014 86
0.000012 33
0.000014 86
0.000032 33
0.000013 86
0.000011 33
0.000013 86
0.000012 33
0.000030 86
0.000014 119
0.000041 119
0.000026 33
0.000011 86
0.006534 119
0.000016 33
0.000014 86
0.000013 33
0.000043 119
0.000013 86
0.000012 33
0.000031 119
0.000025 86
0.000014 33
0.000013 86
0.000030 119
0.000030 119
0.007505 33
0.000025 119
0.000014 86
0.000012 33
0.000035 86
0.000014 119
0.000037 119
0.000030 119
0.000029 33
0.000011 86
0.000012 33
0.000024 86
0.000013 33
0.000025 86
0.005391 119
0.000115 119
0.000020 238
0.000043 271
0.000013 86
0.000035 119
0.000035 119
0.006493 357
0.000016 33
0.000012 86
0.000033 119
0.000036 119
0.000050 152
0.000035 86
0.006610 271
0.000015 86
0.000012 33
0.000014 86
0.000013 33
0.000032 119
0.000051 119
0.000011 86
0.007882 238
0.000018 119
0.000028 119
0.000055 119
0.000013 119
0.000054 119
0.005251 33
0.000016 86
0.000016 33
0.000014 119
0.000033 86
0.000014 33
0.000016 86
0.000011 33
0.000112 119
0.000014 86
0.006683 238
0.000035 119
0.000031 119
0.006729 152
0.000031 86
0.000012 33
0.000013 86
0.000041 119
0.000031 119
0.006779 119
0.000018 119
0.000014 119
0.000053 119
0.006753 33
0.000016 205
0.000024 119
0.006369 119
0.000009 119
0.000019 119
0.740824 33
0.000019 175
0.000071 205
0.000060 205
0.000012 102
0.006968 33
0.000020 167
0.000013 33
0.000073 309
0.000028 33
0.000021 126
0.000029 135
0.000029 33
0.000129 201
0.000021 119
0.005491 168
0.000018 328
0.000016 135
0.000028 195
0.000018 135
0.006979 654
0.000017 265
0.000010 72
0.000013 92
0.000009 33
0.000011 102
0.010354 33
0.000030 157
0.000017 102
0.000015 158
0.000045 135
0.000035 155
0.000025 33
0.000033 135
0.000046 141
0.000016 33
0.000013 102
0.002794 33
0.000020 125
0.000012 33
0.000027 102
0.000013 33
0.000031 127
0.000012 33
0.000150 102
0.000020 293
0.007431 161
0.000018 33
0.000014 102
0.000026 33
0.000016 121
0.000029 33
0.000045 207
0.000031 135
0.000038 151
0.000021 33
0.000038 159
0.000028 102
0.005540 33
0.000019 150
0.000014 33
0.000014 102
0.000037 149
0.000037 33
0.000028 172
0.000030 33
0.000012 121
0.000011 33
0.000015 101
0.000038 33
0.000020 138
0.000031 33
0.000041 161
0.000014 33
0.000015 117
0.006668 338
0.000017 113
0.000012 33
0.000031 101
0.000013 33
0.000058 289
0.000109 117
0.007881 117
0.000020 117
0.000039 117
0.000036 117
0.000013 33
0.000024 84
0.000035 150
0.000046 117
0.000012 84
0.005075 150
0.000016 84
0.000029 117
0.000116 351
0.007456 117
0.000037 117
0.000029 117
0.000038 117
0.000031 117
0.000044 117
0.005771 117
0.000042 150
0.000014 84
0.000036 117
0.000016 33
0.000011 84
0.000042 117
0.006464 234
0.000018 150
0.000032 117
0.000030 84
0.006844 117
0.000017 117
0.000033 117
0.000018 33
0.000101 84
0.000017 117
0.006381 117
0.000017 117
0.000013 33
0.000043 117
0.000012 84
0.006782 117
0.000021 117
0.000028 117
0.000040 117
0.006757 117
0.000023 33
0.000014 84
0.000014 117
0.008270 234
0.000018 117
0.005164 117
0.000021 33
0.000015 84
0.006871 117
0.432659 352
0.000019 117
0.006447 117
0.000017 117
0.000039 117
0.000015 117
0.006739 117
0.000016 33
0.000014 84
0.000032 117
0.000051 117
0.006790 351
0.000036 117
0.000118 117
0.006976 234
0.000020 117
0.000046 117
0.000016 117
0.006520 117
0.000018 117
0.000033 33
0.000015 84
0.000013 33
0.000011 84
0.000032 117
0.008802 117
0.000023 117
0.000026 33
0.000030 117
0.000025 84
0.004003 117
0.000016 33
0.000026 84
0.000013 33
0.000013 84
0.000030 117
0.006773 117
0.000035 117
0.000014 33
0.000016 84
0.006995 33
0.000020 117
0.000029 84
0.000012 117
0.006399 117
0.000018 117
0.007172 117
0.000037 33
0.000010 84
0.006680 117
0.006701 234
0.006876 234
0.006674 33
0.000014 84
0.013843 117
0.008045 117
0.005372 117
0.972697 258
0.006332 118
0.000024 33
0.000028 114
0.000016 118
0.000033 33
0.000035 113
0.006779 381
0.000041 33
0.000016 141
0.006617 119
0.000015 33
0.000033 146
0.000034 119
0.000013 33
0.000062 156
0.007020 140
0.000040 119
0.000015 33
0.000014 103
0.000029 33
0.000035 185
0.000028 86
0.000019 33
0.000053 110
0.006246 119
0.000016 33
0.000056 158
0.000014 33
0.000015 151
0.000031 119
0.000037 33
0.000031 156
0.006925 33
0.000024 189
0.000184 159
0.000017 611
0.006517 119
0.000035 33
0.000011 158
0.000021 33
0.000043 189
0.000025 156
0.000029 135
0.006191 405
0.000018 152
0.000015 149
0.000035 158
0.007329 943
0.000018 158
0.006487 635
0.000018 278
0.006680 789
0.000021 277
0.006619 271
0.000018 205
0.000030 119
0.006844 271
0.000020 205
0.000013 119
0.000032 119
0.007412 271
0.000024 238
0.000009 86
0.006153 476
0.006622 357
0.000017 119
0.006724 476
0.009062 33
0.000019 119
0.000027 86
0.000016 119
0.005045 238
0.000018 119
0.006390 238
0.006606 119
0.006930 119
5.500426 28
0.007919 103
2.855310 1
0.725625 3
3.258305 1
0.963037 2
0.006099 25
0.037555 1036
0.000116 1034
0.000172 421
0.826966 28
0.012300 71
5.562696 13
0.920500 1
0.555497 1
0.172174 1
0.093971 1
0.156964 1
0.137745 1
0.135688 1
0.423279 1
0.812451 5
0.454297 3
0.717485 15
0.121584 15
0.487919 11
0.034761 25
0.033836 969
1.277479 111
0.000030 133
0.006305 251
0.000027 111
0.000026 139
0.006664 144
0.000007 104
0.000022 112
0.000027 33
0.000022 134
0.006836 145
0.000024 172
0.000019 79
0.000005 33
0.000029 149
0.000016 33
0.000008 100
0.000026 112
0.007270 340
0.000008 79
0.000117 136
0.000017 112
0.006088 506
0.000010 182
0.000020 149
0.006695 297
0.000041 184
0.000042 182
0.000034 105
0.000033 112
0.006611 217
0.000019 182
0.000027 277
0.000017 112
0.006466 159
0.000026 225
0.000029 33
0.000016 142
0.000033 151
0.009180 33
0.000034 203
0.000008 107
0.000024 213
0.000008 33
0.000095 96
0.004654 503
0.006307 33
0.000010 182
0.000025 177
0.000008 112
0.000019 103
0.006731 128
0.000007 33
0.000009 79
0.000023 184
0.006754 425
0.008283 302
0.005486 238
0.000019 119
0.006691 238
0.007056 152
0.000007 86
0.006965 238
0.008161 119
0.000011 119
0.005135 238
0.000008 33
0.000018 86
0.452650 477
0.006745 238
0.000019 119
0.005930 357
0.000017 119
0.006896 119
0.000010 119
0.000007 33
0.000022 119
0.000006 86
0.006611 238
0.000018 238
0.006736 238
0.000017 152
0.000010 119
0.000032 86
0.011261 357
0.000013 119
0.002089 238
0.000009 119
0.000007 33
0.000006 86
0.006745 238
0.000008 119
0.008854 357
0.004768 152
0.000007 86
0.006894 152
0.000024 86
0.006545 152
0.000011 119
0.000018 86
0.006787 238
0.007666 119
0.000036 119
0.005900 238
0.006932 238
0.006630 238
0.006917 119
0.006773 238
0.006715 119
0.006791 119
0.006901 119
0.013632 119
0.006684 119
0.006819 119
2.177673 773
0.820928 291
0.408742 291
0.317256 291
0.503696 291
0.342979 291
0.637678 135
0.000013 33
0.000023 102
0.000024 33
0.000010 102
0.006416 168
0.000043 135
0.000039 237
0.006951 270
0.000035 135
0.000017 33
0.000019 102
0.006465 135
0.000037 135
0.000035 135
0.000031 135
0.000040 135
0.008828 33
0.000052 135
0.000035 102
0.000036 135
0.000237 135
0.000016 270
0.004450 168
0.000020 102
0.000023 135
0.000024 135
0.000017 33
0.000018 102
0.006598 33
0.000006 102
0.000027 135
0.000021 33
0.000017 102
0.000006 33
0.000029 135
0.000037 102
0.000006 135
0.000017 33
0.000024 102
0.006395 270
0.000031 135
0.000021 135
0.000026 135
0.006542 135
0.000031 135
0.000006 33
0.000034 135
0.000029 135
0.000029 102
0.007051 33
0.000026 102
0.000028 33
0.000027 102
0.000028 135
0.000029 33
0.000040 135
0.000026 102
0.000006 33
0.000105 102
0.006128 33
0.000030 135
0.000035 236
0.000032 134
0.000018 33
0.000038 101
0.006765 435
0.000053 101
0.006645 268
0.000025 118
0.000006 117
0.006741 267
0.000008 84
0.007158 150
0.000008 84
0.000006 33
0.000032 84
0.006449 267
0.000006 84
0.006712 234
0.006847 234
0.007630 234
0.005964 117
0.000030 117
0.006706 117
0.006877 117
0.006767 117
0.250314 118
0.000030 117
0.000007 117
0.006074 117
0.000017 117
0.000007 33
0.000034 201
0.007027 234
0.000012 150
0.000007 84
0.006499 117
0.000007 117
0.000033 117
0.000026 150
0.000030 84
0.008445 117
0.000010 117
0.000025 117
0.000021 117
0.000023 117
0.005116 117
0.000010 117
0.000006 33
0.000018 84
0.000028 117
0.000008 33
0.000007 84
0.006556 117
0.000008 33
0.000005 84
0.000031 117
0.000021 117
0.000006 33
0.000015 84
0.006679 117
0.000007 33
0.000016 84
0.000007 33
0.000015 117
0.000117 117
0.000012 84
0.006662 117
0.000025 117
0.000008 33
0.000006 84
0.000036 117
0.007028 234
0.000029 150
0.000023 84
0.006406 117
0.000020 117
0.000019 33
0.000009 84
0.000006 33
0.000016 84
0.006740 117
0.000008 33
0.000006 84
0.000007 33
0.000007 84
0.006768 117
0.000006 117
0.000034 117
0.006830 117
0.000009 117
0.000024 117
0.007742 117
0.000017 117
0.000005 33
0.000013 84
0.005720 117
0.000007 33
0.000007 84
0.000018 33
0.000006 84
0.006794 117
0.000006 33
0.000006 84
0.000028 117
0.006761 117
0.000006 117
0.006836 117
0.000007 33
0.000075 84
0.000013 117
0.006852 117
0.000022 117
0.509323 424
1.015181 1025
0.770466 1025
0.986745 258
0.000010 118
0.000023 33
0.000016 114
0.000008 38
0.000007 80
0.006661 264
0.000035 177
0.000025 86
0.000006 33
0.000099 141
0.006909 152
0.000019 146
0.000036 119
0.000011 33
0.000036 189
0.000037 140
0.000039 86
0.007969 169
0.000047 271
0.000009 33
0.000032 143
0.000009 86
0.000027 33
0.000035 158
0.006923 33
0.000021 151
0.000016 33
0.000030 86
0.000018 33
0.000039 156
0.000037 33
0.000010 156
0.000033 33
0.000045 126
0.005308 33
0.000009 86
0.000007 33
0.000035 158
0.000010 33
0.000038 189
0.000016 112
0.006243 152
0.000011 191
0.000040 156
0.000008 33
0.000027 156
0.006508 135
0.000015 252
0.006758 272
0.000022 33
0.000034 116
0.007019 33
0.000013 158
0.000035 33
0.000024 100
0.000025 33
0.000046 158
0.006463 33
0.000015 108
0.000024 119
0.006602 33
0.000023 103
0.000009 33
0.000036 190
0.000029 158
0.006776 176
0.000040 156
0.006593 33
0.000030 151
0.006913 262
0.006722 135
0.006805 33
0.000028 86
0.006604 191
0.009438 139
0.011251 188
0.006592 119
0.006644 190
0.467745 239
0.000015 390
0.000106 86
0.006716 271
0.000019 119
0.000026 119
0.000038 86
0.006592 357
0.000027 152
0.000025 205
0.006713 238
0.000010 238
0.000016 33
0.000008 86
0.007451 390
0.000007 86
0.006104 271
0.000011 86
0.000039 119
0.006846 357
0.006772 271
0.000027 86
0.006507 271
0.000012 86
0.008822 238
0.005098 119
0.006460 119
0.006692 119
0.007154 119
0.484989 119
0.000012 119
0.000023 33
0.000030 119
0.000030 119
0.000040 119
0.000008 86
0.006540 271
0.000026 119
0.000006 86
0.000023 33
0.000029 86
0.006678 152
0.000013 119
0.000041 86
0.000008 119
0.006727 119
0.000012 119
0.000042 119
0.000008 33
0.000030 86
0.000027 119
0.007433 119
0.000035 119
0.000034 33
0.000017 119
0.000041 86
0.008936 238
0.000013 238
0.003686 119
0.000017 33
0.000031 119
0.000020 86
0.000023 119
0.006680 271
0.000020 86
0.006889 119
0.000055 152
0.000008 86
0.008985 238
0.004530 238
0.006834 238
0.006733 238
0.006755 119
0.007707 119
0.005755 119
0.006786 119
0.013749 33
0.000016 86
0.020346 119
0.285810 239
0.000025 119
0.000017 33
0.000017 86
0.000024 119
0.000027 33
0.000018 86
0.006888 357
0.000017 271
0.000101 324
0.006443 595
0.000010 119
0.000026 119
0.006713 509
0.000008 119
0.000020 119
0.000005 86
0.009717 747
0.000018 86
0.004039 390
0.000014 205
0.000011 119
0.006800 595
0.006535 595
0.006916 476
0.008233 357
0.005490 357
0.006968 357
0.006399 238
0.007020 238
0.423751 175
0.006514 545
0.006610 233
0.000119 207
0.000022 102
0.006897 294
0.000014 33
0.000060 201
0.000010 119
0.008025 168
0.000023 156
0.000045 172
0.000009 33
0.000015 102
0.005138 33
0.000040 162
0.000012 33
0.000023 102
0.000031 33
0.000032 157
0.000015 43
0.000012 92
0.000031 33
0.000013 128
0.006378 135
0.000028 33
0.000014 130
0.000013 33
0.000033 135
0.000035 131
0.007115 292
0.000019 168
0.000053 260
0.000039 33
0.000040 122
0.007032 309
0.000111 33
0.000024 395
0.008188 160
0.000016 135
0.000011 33
0.000046 158
0.000009 102
0.004774 296
0.000013 33
0.000024 121
0.000020 33
0.000042 174
0.006565 319
0.000014 33
0.000027 126
0.000033 135
0.006913 33
0.000023 285
0.000026 149
0.000040 33
0.000036 172
0.000033 33
0.000021 121
0.006209 134
0.000020 33
0.000038 138
0.000026 33
0.000040 161
0.007726 33
0.000017 150
0.000029 101
0.000045 171
0.006124 33
0.000094 154
0.000016 297
0.006439 150
0.000013 117
0.000022 84
0.006761 234
0.006893 234
0.006758 33
0.000013 84
0.006560 234
0.007028 117
0.006787 117
0.000006 33
0.000014 84
0.007592 117
0.005854 117
0.006606 117
0.000018 117
0.007236 117
0.006518 117
0.514546 376
0.000018 33
0.000013 114
0.000035 118
0.006497 441
0.000016 119
0.000041 141
0.000102 119
0.000018 298
0.006524 222
0.000033 226
0.000026 136
0.000042 185
0.000005 33
0.000021 86
0.006833 33
0.000062 143
0.000019 86
0.000006 33
0.000039 191
0.000033 184
0.000022 119
0.000030 156
0.006329 33
0.000026 189
0.000022 126
0.000024 119
0.000023 33
0.000021 191
0.000036 156
0.000006 33
0.000024 145
0.000019 86
0.006636 224
0.000039 189
0.000027 189
0.000036 221
0.000101 133
0.006605 272
0.000029 149
0.000027 33
0.000028 191
0.000022 100
0.006542 33
0.000031 191
0.000027 108
0.000006 33
0.000008 86
0.000016 33
0.000023 136
0.000044 190
0.000021 158
0.006594 143
0.000024 33
0.000023 156
0.000009 33
0.000027 151
0.000007 119
0.000024 33
0.000024 110
0.007353 33
0.000027 221
0.000040 191
0.000019 33
0.000018 106
0.006514 221
0.000007 86
0.000017 33
0.000030 190
0.000032 120
0.000005 86
0.006077 119
0.000076 119
0.000009 238
0.006718 119
0.000005 33
0.000006 86
0.000025 33
0.000009 86
0.000007 33
0.000007 86
0.006989 33
0.000006 86
0.000014 33
0.000006 86
0.000032 119
0.000022 119
0.006800 357
0.006750 238
0.000014 33
0.000027 86
0.006518 271
0.000021 86
0.007038 119
0.000022 119
0.009557 357
0.003860 152
0.000027 86
1.111757 110
2.544024 28
0.004603 103
1.701059 4
0.791756 3
0.142267 3
0.225889 6
0.600153 1
0.236631 1
0.396182 3
0.192392 3
0.306237 1
0.764512 2
0.006720 25
0.029203 1036
0.000242 1034
0.000148 421
0.593055 28
0.010850 71
33.647340 16
0.282026 37
0.220905 17
0.282073 13
0.361386 46
0.273638 18
0.198915 4
0.168933 32
0.144758 19
2.096410 1
0.000016 1
1.044454 4
0.146589 4
2.474472 1
8.798378 2
0.000016 9
0.032846 25
0.038695 969
1.111733 28
0.012285 71
0.854559 10
0.260408 18
0.379020 37
0.316980 17
0.394458 13
0.325510 46
0.392403 18
0.322642 4
0.309071 32
0.932562 11
0.026273 25
0.029251 1036
0.000229 1034
0.000081 421
0.309174 28
0.013636 71
0.671197 13
0.332543 19
0.392518 18
1.516099 11
0.033109 25
0.028345 969
0.422270 28
0.007411 103
1.494799 1
1.016460 3
1.394397 4
0.488798 4
0.314423 4
0.343042 3
0.130950 3
0.212378 6
0.237206 3
0.237606 3
0.327444 6
0.130172 3
0.119882 3
0.137566 6
1.765085 2
0.001004 2
0.010863 71
55.510443 1
0.241567 1
0.494097 1
0.191573 1
0.100717 1
0.861617 1
0.526737 1
0.153097 1
0.236738 1
0.527528 1
1.080460 11
0.026530 85
0.008902 71
3.281393 10
0.372948 1
1.123169 3
0.353449 3
0.506822 2
0.000045 9
0.004057 24
0.000041 135
0.000143 56
0.020208 128
0.001294 345
0.000026 526
0.000051 257
0.000062 253
0.000057 259
0.000172 27
0.000016 6
1.120872 26
0.000020 58
0.010910 71
9.610707 1
0.221211 1
0.196417 1
0.548121 1
0.639007 1
0.106833 1
0.453757 1
1.654312 1
0.564622 1
0.161364 1
0.271399 1
0.335322 2
1.781711 1
0.799902 2
0.000019 9
0.007131 98
0.012171 71
173.429360 1
0.176339 1
2.745498 1
0.120465 1
0.172763 1
0.126517 1
2.051793 1
1.516825 1
0.393854 1
0.306498 1
0.307338 1
0.713392 1
0.307924 1
0.176733 1
0.523036 1
0.196759 1
0.804467 11
0.015809 8
0.000605 63
2.828596 1
0.175962 1
0.125014 1
1.365204 1
0.258531 1
0.328469 9
0.919433 4
0.372776 11
0.011389 82
5.522623 1
0.100641 1
0.311994 1
0.518726 11
0.000047 22
0.011291 82
10.291017 1
0.438362 1
1.014837 4
0.372860 1
0.650348 11
0.011329 71
93.386307 1
0.126718 1
0.271925 1
0.524638 11
0.000082 11
0.011022 71
12.644374 1
0.165460 1
0.553304 1
1.102961 1
0.681274 1
0.413377 9
0.899513 4
0.332252 11
0.011077 82
17.539626 1
0.228275 1
0.814351 1
0.449200 1
0.575441 11
0.012834 71
236.554994 1
0.312990 1
0.322930 1
0.155331 1
7.137904 1
0.196726 1
0.136484 1
0.714174 1
0.519556 11
0.015513 71
21.266835 1
1.021026 4
0.146923 1
0.981261 1
0.113676 1
0.293410 1
0.572475 11
0.002079 47
0.011498 71
111.684391 1
0.211838 11
0.020297 62
0.001710 69
0.000218 76
0.010516 71
95.131063 1
0.222188 1
0.337947 1
0.114842 1
0.271359 1
0.186118 1
0.689190 4
0.500493 4
0.029400 4
0.031150 4
0.030234 4
0.029248 4
0.029742 1
0.030038 1
0.030571 1
0.029728 1
0.359336 1
0.166776 1
0.318138 1
0.114475 1
0.167004 1
0.172193 1
0.139271 1
2.236006 1
0.172053 1
0.543055 1
0.130904 1
0.182146 1
0.730458 1
0.596040 11
0.361500 144
0.015051 71
5.082710 13
1.045797 16
4.981014 2
1.281520 1
0.694826 4
0.116477 4
0.106646 1
9.141729 39
0.829055 125
0.011275 32
1.669530 2
0.157915 50
0.115686 114
0.004318 132
0.052906 134
0.188347 154
0.000235 63
0.002277 75
0.284954 132
0.000051 61
0.000243 123
0.001231 95
0.106385 79
0.000040 14
0.067966 196
0.042213 208
0.023176 33
0.501319 33
0.501077 52
0.029130 153
0.000068 92
0.001165 149
0.559692 16
0.051027 115
0.010431 175
0.000031 220
0.006486 44
0.004891 44
0.008870 44
0.018335 44
0.007303 44
0.005410 44
0.007311 44
0.002163 44
0.002362 44
0.016810 44
0.019422 180
0.008056 95
0.000127 114
0.000050 114
0.016440 67
0.043782 114
0.082061 74
0.008471 114
0.008562 114
0.009071 76
0.488511 20
4.375115 71
2.203950 1
0.201924 1
0.277366 1
0.111987 1
0.172441 1
0.196317 1
0.166265 1
1.569353 1
0.250525 1
0.292631 1
0.115305 1
0.166248 1
0.331466 11
0.001644 248
0.010507 71
82.525140 1
0.206611 1
0.431607 1
0.107249 1
0.632134 1
0.161134 1
0.167130 1
0.659286 1
0.503855 1
0.739393 1
0.116653 1
0.155678 1
0.301132 11
0.101471 44
0.014374 71
1.766184 12
1.249525 4
0.500808 4
0.030457 4
0.028700 4
0.030752 4
0.029624 4
0.030026 4
0.029201 4
0.031233 4
0.029876 4
0.029152 4
0.030859 4
0.029397 1
0.030436 1
0.029339 1
0.029332 1
0.030357 1
0.030406 1
0.029296 1
0.030468 1
0.030717 1
51.677918 1
2.027526 1
0.080533 1
0.367623 1
0.124346 1
0.346532 4
0.500088 4
0.029295 4
0.032007 4
0.029017 4
0.030490 1
0.030835 1
0.028862 1
0.610285 1
0.355657 1
0.377471 1
0.384267 1
0.181562 1
0.213145 1
0.528227 1
0.109448 1
1.515602 1
0.110594 1
0.453158 2
1.021652 1
0.826281 4
0.146806 4
0.231584 4
1.343631 1
0.811800 1
0.169768 1
0.100713 1
0.896060 1
0.177132 1
0.443329 1
0.181522 1
0.257015 1
0.136864 1
1.825144 1
0.201547 1
0.207303 1
0.275171 1
0.333374 1
0.563816 1
6.085702 1
0.482311 1
2.495624 1
0.730204 1
0.081607 1
1.262973 1
0.458356 1
0.772241 1
0.332157 1
0.231793 1
0.267452 1
0.558086 1
0.759150 1
1.438689 2
0.000038 9
0.000109 30
0.011191 71
4.467948 1
0.175813 1
0.361942 1
0.097244 1
0.255766 1
0.206081 1
0.192621 1
4.921262 1
1.167466 1
0.577424 1
0.437506 1
0.879132 1
0.447523 1
0.950786 1
0.282598 1
0.256084 1
1.237387 1
0.540094 1
0.525981 1
0.190432 1
0.437373 1
0.906904 4
0.300792 1
0.730182 1
0.231341 1
0.297876 1
0.256116 1
0.318177 1
0.377878 1
0.642227 11
0.001306 934
0.010367 71
103.372986 1
0.343166 1
0.207022 1
0.312889 1
0.280731 1
0.311975 11
0.034901 7
0.009966 71
13.486968 1
0.227298 1
0.192687 1
0.322554 1
0.275233 1
0.136204 1
0.829894 1
0.241852 1
0.543997 11
0.002036 7
0.011219 71
1.694310 8
0.982226 4
0.342087 1
0.342721 11
0.001746 29
0.011470 71
3.873610 8
0.501617 4
0.622364 1
0.162339 2
0.000029 9
0.001726 19
0.011841 71
0.923499 8
2.104549 4
0.708940 1
0.282482 11
0.001734 66
0.011310 71
20.910497 1
0.180394 1
0.177575 1
0.589247 1
0.844959 1
0.267237 1
0.212341 1
0.197263 1
0.207017 1
0.990369 11
0.037010 25
0.030608 1054
0.000060 157
1.441706 219
0.006215 327
0.006700 218
0.000103 109
0.006810 109
0.000017 109
0.000028 109
0.000033 109
0.006514 142
0.000017 185
0.006906 218
0.006500 109
0.000043 109
0.000044 109
0.006994 327
0.007026 109
0.000014 33
0.000013 76
0.007964 109
0.000019 33
0.000027 76
0.005266 218
0.006905 218
0.006530 109
0.000009 109
0.006674 33
0.000009 76
0.006965 109
0.006825 218
0.006717 33
0.000007 76
0.013851 109
0.006586 109
0.006709 109
0.013662 109
0.006930 109
0.006678 109
0.285459 110
0.000121 109
0.000020 109
0.006200 109
0.000016 109
0.000033 109
0.006888 327
0.000012 109
0.006845 251
0.000014 185
0.006840 327
0.000031 109
0.009184 109
0.000022 142
0.000015 76
0.000029 109
0.003892 109
0.000018 109
0.000014 33
0.000013 76
0.000033 109
0.006720 218
0.000017 109
0.000037 109
0.006736 142
0.000017 76
0.000012 33
0.000015 76
0.008045 109
0.000021 109
0.005677 109
0.000018 109
0.000037 109
0.006742 218
0.006918 327
0.006828 109
0.000016 109
0.006575 218
0.006771 142
0.000019 76
0.006754 218
0.000017 109
0.007117 218
3.219762 28
0.010754 71
1.494362 9
0.347211 1
0.589148 1
0.151476 1
0.071477 1
0.141678 1
0.476685 11
0.169899 1
0.868622 13
0.820276 2
0.000015 9
0.022823 25
0.040682 1044
0.000033 522
1.320731 110
0.000022 142
0.000023 76
0.006381 327
0.000085 109
0.007308 218
0.000010 142
0.000014 76
0.006250 109
0.000018 109
0.000033 109
0.000022 33
0.000017 76
0.006796 109
0.000017 109
0.000006 33
0.000005 76
0.000008 109
0.006474 327
0.006666 218
0.000018 109
0.006832 218
0.000030 109
0.006817 109
0.000007 109
0.006897 218
0.006710 109
0.000023 33
0.000006 76
0.006765 218
0.006682 109
0.006840 142
0.000006 76
0.888567 100
1.016330 28
0.010789 71
1.555578 11
0.303395 1
0.236878 1
0.128801 1
0.111591 1
0.116617 1
0.127071 1
0.536557 17
0.256010 13
0.326420 2
0.000015 9
0.020973 79
0.011826 71
132.860617 1
0.337678 1
0.212182 1
0.271744 1
0.221795 1
0.129258 1
0.764904 1
0.207444 1
0.232113 11
0.001867 149
0.010964 71
79.106509 1
0.211895 1
0.207111 1
0.110763 1
0.814278 1
1.506752 1
1.071204 1
0.110366 1
0.425706 1
1.284719 3
3.664381 3
2.678146 3
1.182657 3
2.246833 3
4.692289 3
1.360444 3
1.090269 3
1.961409 3
0.681820 1
0.478726 1
8.452700 1
0.206085 1
0.635349 4
0.124796 4
0.378686 1
0.180448 1
0.578127 4
0.160568 4
2.275155 1
0.160365 1
0.442519 4
0.146152 4
2.667278 1
0.130200 1
0.416157 1
2.640979 3
6.643254 7
1.135497 3
0.866067 3
0.788978 3
1.322512 3
0.534577 3
2.126022 3
1.535530 3
0.658717 3
4.081532 3
1.928576 1
0.583829 1
2.806546 1
0.956733 1
1.574602 1
1.461975 1
3.439071 1
3.072225 1
5.849252 1
0.739801 1
0.915848 11
0.002490 164
0.011271 71
24.973545 37
23.479347 1
0.411648 4
0.500042 4
0.030855 4
0.029387 4
0.030512 4
0.029948 4
0.029922 4
0.029336 4
0.029875 4
0.031051 4
0.029350 4
0.029229 4
0.031137 4
0.029641 4
0.029686 4
0.029173 4
0.031305 4
0.029408 4
0.030230 4
0.030208 4
0.030003 4
0.156620 4
0.574037 11
0.001867 10
0.010586 71
1.045537 16
1.359835 21
1.643703 1
0.574696 1
0.500522 1
0.031212 1
0.029421 1
0.029708 1
0.030549 1
0.028535 1
0.031247 1
0.029301 1
0.030103 1
0.029574 1
0.029901 1
7.727935 1
0.499605 1
0.031027 1
0.031062 1
0.195077 1
0.278902 1
0.614603 5
3.706432 3
1.038729 5
0.439648 5
0.998563 3
0.500213 3
0.029789 3
0.029789 3
0.030902 3
0.141752 3
0.156603 3
0.199831 3
0.334885 3
0.481427 23
2.575489 3
0.500973 3
0.029620 3
0.029906 3
0.030654 3
0.028871 3
0.029977 3
0.030463 3
0.029796 3
0.658907 1
0.739825 4
0.665924 1
0.743246 11
0.000085 10
1.654086 19
0.000016 2
1.321802 1
0.403239 11
0.000063 8
0.000010 2
1.367419 11
0.000033 17
0.000035 2
0.011398 71
6.511693 42
1.225716 4
0.209892 6
0.409507 192
0.968199 1
0.499864 1
0.029722 1
0.030602 1
0.030260 1
0.030302 1
0.029454 1
0.029162 1
0.030933 1
0.029501 1
0.029894 1
0.029271 1
0.030826 1
0.030000 1
0.029924 1
0.029965 1
0.136386 1
0.225134 1
0.207865 1
0.192736 1
0.611129 5
0.734804 3
0.500262 3
0.030228 3
0.029462 3
0.030084 3
0.031417 3
0.029264 3
0.029638 3
0.029764 3
0.029462 3
0.030532 3
0.029635 3
0.029485 3
0.030946 3
0.030393 3
0.029260 3
0.029544 3
0.031214 3
0.029294 3
0.029560 3
0.031416 1
0.029949 1
0.361467 2
0.000017 9
0.001857 29
0.011089 71
44.766411 1
0.316625 1
0.175499 1
0.397501 1
0.106947 1
0.341592 4
0.136631 4
0.115267 4
0.116472 4
0.111557 4
0.126266 1
0.665050 1
0.262446 1
0.347899 1
0.318403 1
0.200420 1
0.246726 1
0.463138 1
0.100368 1
4.207162 1
0.388476 1
0.136546 1
11.175788 1
1.009188 3
0.232054 3
0.222970 3
0.110318 3
0.739110 3
1.800130 1
0.264639 5
0.227668 3
4.839877 3
0.474373 7
1.534303 3
0.695251 3
0.115118 3
0.239463 1
6.905092 1
0.809403 11
0.339237 3
1.600873 5
0.637142 5
2.750063 5
2.373806 5
0.528689 5
0.915273 5
4.803824 5
0.920552 5
3.364844 1
0.197044 1
0.116356 1
0.494779 11
0.360544 1
1.121598 1
0.203611 1
0.164820 1
0.382087 5
0.349492 1
0.177499 1
0.463469 1
0.531558 3
0.499872 3
3.868548 3
0.216850 3
0.233029 3
0.465646 3
0.155310 3
0.146864 3
0.272804 3
0.203993 3
1.125045 5
0.568851 5
2.915471 5
0.779995 5
0.144889 5
0.830851 9
0.145591 9
0.849141 5
0.131323 5
0.116523 5
4.854828 5
0.150408 5
0.272338 5
0.236144 5
0.141728 5
0.216831 5
0.332834 5
0.296430 5
0.116467 5
3.130053 5
0.069264 203
0.182656 205
7.087332 4
0.618965 5
5.017553 5
2.497268 5
1.891603 5
0.605901 3
0.584812 1
0.646360 9
1.060292 5
0.566318 3
0.260319 3
0.476402 11
0.002615 39
0.010792 71
14.563118 67
0.000938 67
1.838986 67
0.000875 67
2.050317 67
0.000890 67
32.220993 52
0.518093 1
0.500866 1
0.029598 1
0.030181 1
0.030373 1
0.029805 1
1.130076 3
0.381586 3
0.146955 3
0.155256 3
0.148850 3
0.149645 3
0.587459 4
2.081866 1
0.500182 1
0.029621 1
0.030922 1
0.030067 1
0.030430 216
0.028740 1
0.029903 1
0.029376 1
0.030356 1
0.031209 1
0.030239 1
0.028269 1
0.030218 1
0.031242 1
0.029309 1
0.029332 1
0.030507 1
0.030373 1
0.029648 1
0.030475 1
0.029531 1
0.029622 1
0.030216 1
0.031156 1
0.029026 1
0.029638 1
0.030991 1
0.029369 1
0.030148 1
0.029301 1
0.030504 1
0.029494 1
0.030943 1
0.029313 1
0.031195 1
0.029268 1
0.029592 1
0.030971 1
0.029970 1
0.418822 1
0.260382 140
0.181479 137
0.951094 134
0.265912 130
0.131821 143
0.116680 104
0.130712 5
0.121642 5
0.130565 5
0.126291 5
0.121435 1
0.131677 1
0.419536 3
0.581228 11
0.001907 39
0.011364 71
5.937720 41
1.703028 1
0.499802 1
0.030829 1
0.246845 1
0.477163 1
0.183197 1
0.330978 1
0.356011 19
0.500839 19
0.036735 17
0.027770 19
0.027159 19
0.028330 19
0.029579 17
0.030096 19
0.030206 19
0.029357 19
0.029852 19
0.029547 17
0.030513 19
0.148389 19
0.172502 19
0.246011 19
0.242977 19
9.613301 1
0.206667 1
0.232692 1
0.607821 3
0.500302 3
0.032196 3
0.029293 3
0.028783 3
0.030934 3
0.180405 3
0.186826 3
0.150838 3
0.166288 3
0.485513 2
0.000071 9
0.001859 22
0.011300 71
6.069732 24
0.457554 1
0.518157 1
0.011679 1
0.030895 1
0.030109 1
0.030879 1
0.029126 1
0.029449 1
0.029628 1
0.030288 1
0.031081 1
0.168620 1
0.270040 1
0.799014 1
0.390287 5
0.394301 3
0.216887 3
0.165368 3
1.395927 5
0.718344 3
0.499882 3
0.029963 3
0.030356 3
0.455039 1
2.770872 11
0.001855 16
0.010799 71
0.642582 22
0.011188 25
0.338676 22
0.612002 54
0.664731 1
0.500724 1
0.029179 1
0.030523 1
0.030190 1
0.029871 1
0.030013 1
0.029712 1
0.163880 1
0.740310 1
0.166000 1
0.182528 1
0.170584 1
0.191143 1
0.371700 5
0.358561 3
0.475336 3
0.195764 3
0.208168 3
0.339380 5
0.370937 3
0.201287 3
0.163378 3
0.500634 3
0.029401 3
0.030010 3
0.031041 3
0.028642 3
0.030898 3
0.029638 3
0.029556 1
0.030802 1
0.029915 1
0.418288 2
0.000019 9
0.001901 20
0.010126 71
42.069608 1
0.780084 4
0.781567 1
0.383466 1
0.262173 1
0.075853 1
2.246303 1
1.278761 1
0.131362 1
0.400088 1
1.317005 3
0.217681 3
0.161224 3
0.125921 3
1.338829 3
0.709920 3
2.034826 3
0.970361 3
1.397803 3
0.457137 3
0.426483 3
1.142088 3
0.764258 3
0.115542 3
0.303576 1
0.803100 5
0.166795 5
0.442175 5
0.248084 5
1.501539 5
0.237586 5
0.246026 5
0.457676 5
0.678798 5
0.514095 5
2.455784 3
0.174574 3
0.481443 1
1.358016 1
1.725116 1
0.150596 1
0.379524 1
0.541962 3
0.221620 3
0.176197 3
0.125791 3
1.202899 3
0.643803 3
3.404688 3
1.271387 3
0.857022 3
0.161432 1
0.516389 11
0.002555 48
0.004567 518
0.000017 84
0.000009 36
0.000010 2
0.000013 48
0.000009 38
0.000026 46
0.000011 62
0.000009 18
0.000011 52
0.000023 68
0.000009 68
0.000022 68
0.000009 64
0.000009 20
0.000011 48
0.000011 4
0.000009 2
0.000021 62
0.000009 27
0.000009 15
0.000010 77
0.000007 18
0.000023 68
0.000008 68
0.000033 132
0.000009 4
0.000009 68
0.000024 70
0.000025 93
0.000024 108
0.000010 2
0.000011 64
0.000009 36
0.000026 104
0.000023 68
0.000010 68
0.000021 68
0.011695 71
5.851177 43
111.764353 11
0.001883 48
0.003546 1040
0.000039 1186
0.000178 240
0.009998 71
1.039268 43
0.484466 11
0.002571 48
0.004043 570
0.000018 156
0.000033 178
0.000017 100
0.000014 52
0.000012 48
0.000017 140
0.000028 91
0.000012 77
0.000019 101
0.000016 84
0.000013 52
0.000016 84
0.000013 84
0.000014 38
0.000118 46
0.000017 513
0.000116 52
0.011026 71
0.909031 43
0.331757 11
0.002714 48
0.003997 638
0.000020 149
0.000014 65
0.000017 100
0.000014 52
0.000012 52
0.000022 120
0.000013 68
0.000033 91
0.000034 142
0.000012 36
0.000013 48
0.000014 52
0.000010 36
0.000011 48
0.000011 20
0.000014 64
0.000011 20
0.000012 52
0.000029 80
0.000011 15
0.000029 108
0.000012 18
0.000011 68
0.000011 48
0.000021 52
0.000013 20
0.000014 136
0.000013 48
0.000016 20
0.011347 71
1.113192 43
0.247939 106
0.225677 42
0.488661 54
0.249677 11
0.001835 22
0.009928 71
0.699955 24
0.603972 27
0.262281 1
0.357355 24
0.187224 67
1.199893 11
0.002565 48
0.004387 298
0.000026 538
0.000141 529
0.000065 332
0.000020 84
0.000011 68
0.000018 4
0.000014 17
0.000013 63
0.000015 15
0.000013 61
0.000014 47
0.000018 2
0.000018 48
0.000013 88
0.000034 84
0.000011 32
0.000011 36
0.000011 68
0.000016 32
0.000013 20
0.010267 71
4.314019 1
0.797953 1
0.131784 1
0.330855 1
0.715430 1
0.928890 11
0.145738 323
0.014645 8
0.000019 63
1.407619 1
0.362185 1
0.443339 1
0.287058 1
0.182916 1
0.668725 4
0.412722 4
0.126296 4
0.125926 4
0.729507 1
0.177886 1
0.247321 1
0.358839 1
0.523537 11
0.008023 11
0.010994 71
85.454519 2
0.452174 4
0.115969 2
0.319528 2
0.140637 2
0.181964 1
0.276651 4
0.145863 4
0.131778 4
0.102034 4
0.116011 1
0.645779 1
0.266598 1
0.175841 1
0.196281 1
1.822911 1
0.497921 1
0.104937 1
0.415303 1
0.970173 3
0.237175 3
0.186107 3
0.141764 3
1.312290 3
0.493725 3
8.983981 7
0.187603 7
3.371394 3
0.413652 3
0.688664 3
0.618886 3
3.111500 3
0.181207 3
0.428747 3
0.965504 3
0.545983 3
0.151414 3
0.465857 1
0.868811 5
0.166609 5
0.377099 5
0.281610 5
0.266756 5
2.045776 5
0.327912 5
0.525126 5
0.829645 5
0.477523 5
0.658267 11
0.012695 48
0.002488 213
0.016400 71
13.661672 31
1.254343 1
1.880210 1
0.559401 4
1.678034 1
0.958246 1
0.130669 1
0.340195 1
1.681812 3
0.151780 3
0.176979 3
0.175608 3
0.171408 3
3.186666 3
2.524122 3
1.115042 3
0.741266 7
0.769321 3
0.255978 2
0.000015 9
0.002607 48
0.004040 638
0.000157 165
0.000027 532
0.000095 430
0.000017 52
0.000010 36
0.000013 2
0.000008 62
0.000025 77
0.000008 46
0.000010 18
0.000011 48
0.000009 20
0.000010 64
0.000011 20
0.000011 16
0.000010 36
0.000028 116
0.000010 20
0.000009 68
0.012238 71
35.357208 43
0.353543 15
0.818756 11
0.002672 48
0.001885 213
0.009040 71
25.884187 1
0.398020 1
0.235720 1
0.308296 11
0.002049 213
0.011916 71
43.787593 1
0.167194 1
0.451969 1
0.080546 1
0.538405 4
0.151292 4
0.305609 1
0.086306 1
1.331100 1
0.100742 1
0.599772 1
0.151371 1
0.181398 1
0.704409 4
0.211472 1
0.187291 1
0.389555 11
0.001756 210
0.012048 71
3.063590 10
0.232070 1
0.121400 1
0.206861 1
0.110243 1
0.151711 1
0.444166 15
0.247695 11
0.701267 3
0.500002 3
0.029183 3
0.030896 3
0.030420 3
0.030528 1
0.029242 1
0.029230 1
0.030555 1
0.029312 1
0.406207 2
0.000034 9
0.002169 213
0.011360 71
101.678728 1
0.197484 1
0.337666 1
0.237072 1
0.286916 11
0.002441 208
0.011372 71
4.420156 4
5.840439 1
0.735818 1
0.804445 1
0.126498 